practica2/dem.asc
ncols        394
nrows        413
xllcorner    -102.322285360459
yllcorner    17.881211989023
cellsize     0.000833265373
NODATA_value 32767
[rows 94 to 140 of 413, columns 192 to 287 of 394]
40 40 40 40 77 99 83 100 124 149 183 230 267 280 299 279 294 268 232 247 255 261 279 309 366 414 441 474 491 484 458 441 415 435 404 421 417 456 484 454 432 434 453 484 532 579 583 586 597 625 664 693 699 722 702 679 652 665 700 713 716 724 684 668 659 664 630 623 678 673 659 675 678 717 738 719 743 731 776 839 805 776 752 702 712 703 672 618 572 537 533 510 516 521 496 479
40 40 40 40 40 40 73 119 118 135 165 203 255 306 317 313 338 285 270 283 278 295 320 338 375 420 441 429 431 427 406 401 388 396 388 401 428 466 469 426 413 437 456 487 524 558 552 554 582 617 620 655 662 692 686 647 626 633 662 667 684 703 686 642 633 632 606 609 661 650 637 641 694 719 720 716 702 710 747 794 778 737 700 672 653 656 675 636 611 591 547 518 476 454 442 438
40 40 40 50 46 79 98 132 150 141 153 186 219 285 317 338 356 302 294 275 304 301 355 402 399 404 420 395 385 380 366 373 374 368 374 398 427 424 422 386 401 426 455 493 533 537 512 538 553 574 610 630 644 680 662 620 600 600 624 627 645 651 683 652 612 592 586 592 643 644 614 631 697 680 675 701 668 688 712 728 768 788 744 693 651 604 624 629 639 603 549 526 519 511 512 488
40 40 40 40 77 91 102 136 170 197 203 217 219 259 330 341 354 338 340 300 288 308 346 388 395 390 376 364 353 351 352 346 360 352 369 377 389 384 382 372 392 432 462 472 503 491 504 518 536 561 600 601 628 647 643 631 592 568 584 587 605 641 674 642 618 592 559 571 615 616 599 627 670 647 667 698 668 659 677 676 732 769 734 701 675 617 570 581 581 588 541 480 471 477 462 447
40 40 40 54 87 100 119 152 202 265 272 286 282 261 325 321 336 358 347 300 297 325 331 355 371 405 388 348 336 336 340 339 343 339 334 359 358 367 358 380 397 424 439 450 467 468 514 554 563 562 566 576 601 611 620 639 590 551 549 555 585 623 651 634 607 583 548 547 582 598 560 611 622 622 640 673 682 637 647 670 726 738 700 683 651 637 576 531 554 535 517 469 427 417 399 385
40 40 74 81 95 129 140 153 207 272 314 350 311 263 309 335 332 315 310 320 307 333 341 335 367 377 368 349 360 343 337 333 333 324 321 329 324 333 327 377 399 394 407 417 430 460 506 542 549 532 541 548 566 582 601 623 585 540 524 542 577 612 619 620 594 569 532 528 580 600 553 559 605 628 642 665 684 639 627 641 682 714 710 661 642 592 563 551 510 484 479 440 420 408 408 396
40 40 89 111 134 151 196 207 220 272 339 351 300 271 300 335 321 302 304 327 328 332 340 324 336 339 346 337 361 337 344 343 319 318 309 318 318 313 319 347 363 371 377 399 427 453 471 491 499 495 508 521 545 562 579 586 566 535 500 516 551 570 583 604 563 543 514 513 556 566 527 533 570 622 646 650 659 658 606 607 628 664 720 683 652 631 617 580 528 486 458 442 460 449 474 454
40 51 72 80 106 159 214 248 281 309 346 317 283 275 302 336 306 300 307 337 337 340 340 320 317 320 328 342 339 336 341 342 322 308 302 314 319 301 304 314 331 345 362 383 407 422 442 457 462 471 477 510 526 552 548 550 541 516 479 486 515 535 552 582 553 522 487 487 522 536 487 495 541 586 573 602 624 632 621 589 577 631 682 677 645 620 609 586 548 508 480 474 498 518 525 465
40 46 107 97 124 162 215 277 346 359 333 288 272 279 315 308 296 296 300 302 309 317 317 315 311 319 338 365 362 339 321 324 338 309 300 301 305 298 305 322 319 340 359 367 393 406 418 434 426 430 451 482 506 543 517 506 515 496 467 462 478 503 525 555 550 500 473 458 484 507 482 453 507 526 541 584 584 579 595 594 556 580 626 684 692 648 600 568 537 520 505 522 556 565 514 440
40 103 98 123 146 196 246 314 360 334 304 278 299 298 286 292 308 300 305 313 309 320 304 300 303 320 339 359 345 340 319 318 315 299 298 293 297 314 324 338 340 353 364 369 377 387 415 418 390 400 419 449 483 507 498 477 502 470 453 429 446 480 499 529 544 501 458 432 440 475 471 432 460 486 543 582 553 547 554 583 542 565 619 681 691 641 636 580 549 561 557 577 622 587 520 463
42 78 117 129 171 205 263 327 341 318 314 300 281 298 295 295 321 317 320 319 318 319 299 292 303 319 329 350 359 324 320 316 341 327 293 295 310 321 320 322 337 354 356 352 358 390 407 400 362 379 402 422 432 456 464 443 481 467 429 414 414 439 464 508 522 487 451 402 406 419 445 415 441 490 543 584 553 520 523 539 530 556 602 659 662 666 637 590 579 609 610 638 644 567 505 450
58 110 121 160 193 237 284 341 333 320 322 307 278 323 314 300 297 312 321 333 342 318 295 289 314 321 320 317 319 342 320 306 327 334 302 281 302 318 319 320 329 335 336 346 372 379 391 375 346 366 384 392 403 420 429 416 431 441 440 405 400 413 445 485 474 464 445 392 384 380 414 392 429 481 541 556 516 498 480 520 548 572 604 637 604 637 633 630 627 663 685 661 628 588 534 493
109 140 159 202 229 275 352 343 320 319 311 290 284 303 319 321 305 333 349 354 323 313 284 289 314 319 317 309 316 321 300 300 301 304 288 278 299 315 309 310 318 341 338 354 366 378 380 351 335 360 359 362 375 387 394 391 413 413 433 419 375 381 416 439 439 426 419 391 344 348 354 385 446 495 539 493 481 445 475 528 560 586 579 580 567 612 668 672 660 712 708 630 586 554 517 477
117 169 220 227 249 305 354 330 318 300 298 299 297 293 295 307 318 346 378 387 345 301 277 281 304 302 300 294 301 309 298 295 303 285 273 294 316 319 298 315 346 360 336 352 362 362 361 351 323 343 341 350 360 360 363 382 380 375 402 407 378 355 383 406 407 399 383 377 346 317 354 398 434 487 514 469 439 421 470 513 552 565 546 536 539 577 603 631 664 724 696 663 631 567 525 511
111 163 216 249 258 304 364 337 315 317 319 316 299 297 304 310 322 354 383 383 342 306 279 284 297 301 296 287 280 300 283 279 277 268 282 291 303 314 299 303 333 327 333 346 349 361 360 340 315 322 335 341 336 343 344 352 354 353 373 385 366 339 365 375 387 373 362 359 352 299 301 352 403 463 472 445 407 416 449 502 541 578 532 506 509 539 540 581 645 717 684 638 592 581 540 506
100 136 172 211 261 323 362 344 332 363 364 345 300 307 311 305 328 371 368 335 348 302 267 273 292 288 280 279 275 282 279 273 265 278 312 308 302 300 301 294 300 302 332 337 339 360 360 362 328 299 317 325 321 323 337 341 340 332 351 362 351 320 347 349 360 343 343 334 343 307 274 326 376 410 446 408 387 425 471 524 529 556 527 489 475 495 517 573 631 691 684 646 600 556 512 471
110 126 172 236 293 364 380 345 359 360 364 333 297 300 287 317 336 360 336 307 313 301 279 259 281 279 280 279 274 279 282 259 256 268 289 291 294 300 301 282 292 301 301 313 331 344 347 342 335 293 338 321 316 314 317 340 328 325 347 342 327 300 327 319 325 319 329 315 298 279 270 312 340 389 424 388 369 424 470 497 499 530 529 478 451 465 506 561 615 637 636 600 546 512 489 420
142 150 182 245 309 372 379 352 339 317 312 304 290 270 284 302 314 339 316 299 280 282 268 250 274 275 276 268 282 279 279 253 241 257 262 275 294 305 296 277 305 329 327 323 327 339 338 339 330 284 322 302 301 298 305 324 314 325 338 342 332 289 285 281 278 292 306 296 294 257 261 302 336 351 382 400 352 374 418 458 491 499 513 456 439 453 493 542 609 596 581 539 527 473 423 391
144 188 243 274 318 373 372 340 350 344 309 267 265 263 262 276 300 334 342 313 273 256 251 238 260 257 259 262 280 276 257 246 254 279 269 280 308 315 276 290 319 340 343 337 330 353 338 314 307 283 301 299 284 290 300 296 316 322 335 365 346 316 276 263 259 257 271 266 280 257 251 299 306 323 341 373 344 343 406 440 436 448 485 449 417 426 453 521 568 569 529 500 451 422 419 384
165 220 286 323 371 384 376 380 365 328 307 282 263 239 245 255 279 307 341 308 278 272 276 240 236 247 257 259 268 254 223 237 280 281 278 289 305 287 271 313 358 339 340 339 340 350 359 341 313 286 276 304 272 275 281 288 309 313 332 363 380 365 326 316 297 248 251 237 243 235 259 276 280 299 324 335 311 343 405 401 400 435 466 442 396 408 425 478 486 525 481 452 422 384 379 356
165 230 285 334 374 395 390 366 332 286 280 249 244 225 245 274 298 321 341 305 312 302 302 277 234 240 252 236 233 218 243 273 281 278 288 300 299 260 285 321 327 317 341 338 352 347 361 363 343 306 260 288 262 256 278 303 309 304 327 359 354 367 382 379 339 280 247 234 227 232 243 248 256 278 302 294 308 343 360 350 399 419 415 416 379 392 405 420 421 471 486 430 401 379 352 334
182 218 279 337 363 354 330 301 280 251 239 244 218 229 261 299 319 354 363 328 325 299 279 283 258 220 226 243 211 250 260 271 272 271 300 299 275 259 277 297 313 319 325 345 353 358 360 359 328 299 269 256 253 282 296 304 319 324 318 356 354 337 341 350 361 339 298 261 238 219 234 237 242 258 282 277 278 301 317 339 369 394 376 380 360 367 370 372 402 408 468 460 430 383 379 353
224 266 311 331 323 291 279 263 253 239 220 218 212 243 257 273 298 338 362 359 340 296 275 258 254 222 218 208 200 207 220 252 266 271 301 273 257 277 312 330 328 358 349 361 360 380 360 359 346 308 268 262 242 257 289 304 318 339 339 347 363 357 353 322 301 300 286 272 249 220 222 238 248 265 271 265 255 261 284 319 335 360 359 343 358 358 343 335 349 379 454 450 404 379 377 346
221 287 321 293 279 259 235 253 209 197 199 199 222 239 270 291 307 341 383 361 320 300 300 268 240 257 256 261 243 208 198 245 244 266 296 278 253 293 334 340 339 358 356 340 359 376 336 340 346 326 280 261 240 268 304 315 318 340 375 383 352 382 380 361 332 297 273 255 235 225 220 229 233 240 239 260 252 243 268 283 305 310 341 324 339 327 321 317 332 375 440 425 394 378 350 350
230 280 291 246 236 232 202 215 188 188 200 220 220 245 261 278 320 353 379 381 341 297 280 280 257 261 259 238 254 241 197 213 222 233 249 247 266 284 296 306 337 338 334 330 349 359 330 322 325 319 300 279 238 270 300 320 343 352 382 396 353 329 331 376 385 357 329 307 262 232 217 214 221 240 232 242 234 238 249 260 264 293 320 301 299 295 302 295 323 335 397 405 392 350 346 316
222 271 244 212 223 201 195 183 176 202 220 223 239 240 277 304 310 338 377 374 331 287 271 255 250 256 260 251 235 229 199 192 202 225 225 228 254 286 312 313 343 348 316 327 333 348 339 303 322 322 308 278 239 258 283 308 327 362 378 371 358 323 307 337 371 382 373 340 300 246 222 212 214 221 222 229 224 232 238 238 243 293 300 281 298 277 283 279 295 319 339 337 342 349 345 320
197 210 200 180 203 183 179 177 204 194 195 204 216 254 263 278 310 360 389 370 321 288 271 262 239 231 230 254 245 218 189 190 210 213 208 265 294 311 325 344 353 349 323 299 324 341 339 300 299 303 293 266 236 250 270 309 328 338 379 377 324 319 289 311 331 332 349 328 303 260 261 223 212 212 240 219 221 224 224 223 239 264 267 268 261 260 263 262 272 288 286 294 292 344 363 346
163 160 173 169 170 161 159 175 180 183 220 242 234 241 260 279 302 346 379 359 320 300 283 267 228 200 210 218 224 215 192 188 218 217 203 244 265 302 293 329 315 325 308 289 306 318 329 306 278 294 279 249 237 250 292 315 340 365 391 377 326 302 289 274 277 281 314 299 297 288 268 239 211 209 219 212 232 220 220 217 233 243 251 247 244 244 249 260 250 255 265 267 284 320 322 319
131 131 139 149 151 155 160 163 185 199 228 217 208 248 246 279 289 322 373 370 335 303 281 258 222 205 197 200 200 199 194 196 219 199 196 226 261 268 288 304 292 295 287 281 279 301 316 299 280 274 267 242 237 275 284 306 339 364 401 359 319 294 278 269 274 239 255 265 306 305 264 224 201 209 212 214 237 225 213 222 257 271 244 238 235 233 239 247 241 240 250 252 256 277 285 289
121 128 154 199 186 185 161 160 174 199 191 180 212 242 226 238 259 302 341 360 326 287 261 256 259 236 214 200 194 221 199 183 188 186 204 229 238 249 263 271 299 293 273 268 280 299 301 303 299 278 248 234 246 280 300 324 332 348 382 359 319 296 301 295 326 303 247 240 269 300 258 211 200 217 233 224 220 219 207 226 235 250 243 230 223 219 226 235 231 234 239 237 239 240 261 263
122 141 153 198 209 166 140 162 155 167 158 180 220 222 206 255 281 300 335 359 336 310 299 281 283 260 239 212 199 199 218 179 177 187 205 218 220 239 249 279 294 303 294 251 275 289 297 284 294 272 236 232 269 291 312 337 356 366 390 361 340 312 325 324 314 282 269 249 230 261 245 211 197 213 231 253 242 219 199 223 219 225 232 234 218 217 219 222 220 219 221 220 233 227 248 229
104 125 134 173 210 164 130 165 150 141 146 177 200 185 194 220 232 283 289 326 349 340 323 298 289 260 236 240 207 181 193 179 179 191 207 219 234 249 266 280 284 283 288 239 279 290 296 265 272 249 229 240 267 303 314 335 355 390 402 377 345 322 332 353 323 302 278 253 236 216 207 199 196 214 252 261 248 230 216 198 206 207 213 219 210 212 219 220 217 209 206 210 211 210 217 217
101 106 124 160 191 145 120 147 143 132 139 164 179 168 177 193 238 252 268 319 349 342 328 300 300 267 225 220 197 179 179 196 193 201 208 223 259 274 299 291 259 284 293 235 267 294 299 258 252 230 233 239 268 290 307 330 342 375 402 391 371 357 350 354 316 298 283 281 284 263 239 202 193 210 254 248 236 232 216 203 199 207 211 208 203 206 216 220 219 209 201 199 202 200 202 202
105 104 113 140 146 138 115 123 118 137 146 145 151 161 194 200 216 249 281 320 326 322 294 279 270 238 205 189 183 171 193 200 207 199 206 233 255 293 288 247 259 289 275 239 241 278 280 260 241 222 251 257 273 309 340 335 346 378 388 360 341 343 338 354 329 319 298 328 302 256 237 209 191 204 239 234 219 219 212 196 215 220 213 199 198 200 207 217 219 208 199 197 200 201 197 197
121 106 101 113 119 130 124 110 116 157 189 189 170 165 185 199 208 244 275 280 294 300 299 289 259 236 198 179 178 172 196 200 200 200 215 217 240 269 259 241 267 291 290 246 218 257 242 236 224 220 255 271 304 322 325 299 320 341 382 359 320 323 319 321 324 299 323 330 302 250 216 201 192 197 222 221 219 204 218 189 212 213 214 206 202 197 199 223 217 208 201 197 193 203 195 190
94 93 94 100 109 118 112 101 132 153 186 188 170 191 193 183 199 206 232 260 282 280 294 284 279 240 200 177 170 176 182 181 223 208 201 223 245 225 231 245 269 279 272 253 218 235 229 214 216 235 248 279 301 295 316 289 313 342 379 362 334 298 288 293 291 298 323 296 261 224 200 192 188 199 222 219 214 200 201 185 200 200 218 220 207 196 200 223 216 207 200 198 199 192 187 182
75 78 90 100 100 122 96 103 125 157 182 159 159 166 171 176 193 201 230 246 282 279 276 269 281 248 206 180 167 177 178 191 210 198 201 219 215 222 258 268 288 302 277 245 219 218 215 212 225 239 244 268 279 260 275 288 300 337 371 344 313 292 281 277 272 302 320 278 239 211 183 183 197 204 220 222 202 196 199 180 196 205 218 207 193 198 200 220 217 205 199 197 198 198 183 179
101 103 100 98 93 84 89 100 120 143 161 143 155 173 183 210 214 236 256 287 310 319 305 264 284 248 202 179 173 169 171 194 208 185 191 195 199 240 268 304 319 292 263 261 237 206 219 220 222 239 254 257 258 281 302 319 333 347 381 361 329 307 303 291 252 257 280 267 226 195 179 185 199 220 220 211 198 200 193 178 189 199 199 210 191 199 200 204 205 202 200 201 195 190 181 179
78 86 88 94 82 76 100 119 123 133 147 157 142 161 192 221 202 217 251 285 336 336 302 270 239 225 203 188 180 161 164 191 198 179 220 229 227 246 290 303 305 286 278 273 240 212 224 243 241 245 278 247 260 285 287 308 345 382 387 373 336 320 301 301 282 239 230 229 228 202 178 181 200 218 219 217 218 222 198 178 179 184 187 185 181 190 198 196 201 209 215 220 199 188 183 178
59 65 67 72 74 75 81 119 113 117 149 155 132 159 192 192 192 204 242 275 324 327 319 304 274 221 192 171 163 161 159 174 179 194 213 213 221 261 298 296 280 264 261 250 242 200 230 263 241 241 240 261 276 284 303 327 350 375 359 354 359 345 329 328 292 272 259 215 195 183 175 180 202 207 205 213 222 199 200 186 175 176 179 174 178 179 183 200 227 223 221 219 198 187 181 179
63 84 82 75 88 112 106 90 99 113 135 150 125 140 172 168 184 200 230 277 325 340 307 267 259 260 228 184 157 159 171 159 166 179 190 206 241 279 300 304 289 249 231 218 203 202 243 252 236 236 251 277 290 319 330 353 374 399 375 339 349 354 337 320 303 304 266 226 201 178 173 179 195 202 193 195 189 189 201 203 180 172 173 172 174 182 189 209 237 230 221 216 202 188 177 186
78 97 100 99 124 112 99 117 96 104 132 137 118 137 152 166 193 229 258 285 331 320 309 261 224 236 243 193 156 169 174 157 188 191 197 229 251 295 297 290 298 262 211 194 215 250 258 233 237 246 246 256 287 305 320 359 356 384 386 363 337 317 319 302 300 300 258 220 192 179 175 174 178 199 197 179 180 179 201 188 178 176 168 169 173 202 207 219 222 216 209 198 191 187 172 179
78 81 79 88 132 121 119 119 103 111 107 116 118 133 155 163 185 217 255 289 312 283 285 267 219 195 214 181 158 155 164 204 215 227 226 248 267 311 311 267 268 260 207 199 240 242 239 228 241 252 258 269 285 303 319 318 333 363 341 334 347 325 295 279 295 287 244 227 199 205 211 177 171 180 187 179 177 179 176 179 180 166 167 174 188 187 203 221 218 207 200 191 181 180 171 182
92 78 80 108 118 100 99 99 116 158 129 116 139 147 165 196 201 219 249 273 264 268 239 252 219 177 175 162 152 175 199 236 227 200 229 274 277 305 305 267 229 253 215 197 218 204 213 227 240 247 278 292 326 326 316 352 363 360 344 313 305 302 293 262 270 264 256 244 200 203 217 188 175 168 176 186 182 180 173 180 176 167 167 185 215 210 216 209 202 199 197 186 181 177 170 179
100 89 85 119 113 100 96 99 117 148 155 128 138 157 175 202 214 237 271 282 250 237 236 198 199 181 164 152 178 202 199 205 204 197 227 258 263 299 288 257 219 203 208 188 202 211 240 253 241 252 302 299 300 302 294 338 356 336 360 347 292 262 260 247 262 251 231 229 202 198 189 179 177 180 179 192 190 184 164 168 162 164 168 183 220 227 221 200 195 189 184 179 180 173 168 174
77 98 98 113 107 97 98 119 139 140 167 159 142 152 172 198 222 244 297 279 279 267 227 211 191 176 164 148 164 172 185 194 180 190 216 220 250 284 296 257 223 196 179 213 247 241 242 254 260 254 299 298 290 274 283 319 309 339 339 324 293 274 252 233 237 242 239 211 199 198 178 199 221 207 161 161 160 169 157 158 173 174 185 202 218 224 220 205 199 183 178 176 173 167 166 172
81 97 100 101 98 92 93 105 129 156 179 158 141 158 182 192 210 243 293 302 273 244 238 247 212 175 144 152 162 165 185 185 176 182 192 211 251 262 255 222 175 195 215 232 259 261 241 241 266 287 283 276 269 264 303 299 297 321 297 287 292 262 269 269 239 217 215 207 196 190 190 232 259 209 188 185 165 158 156 160 179 190 221 226 218 215 210 203 202 190 181 177 168 163 168 188
