practica2/dem.asc
ncols        394
nrows        413
xllcorner    -102.322285360459
yllcorner    17.881211989023
cellsize     0.000833265373
NODATA_value 32767
[rows 94 to 140 of 413, columns 0 to 95 of 394]
134 138 143 149 157 162 150 184 165 164 156 154 160 170 179 200 220 199 210 200 199 200 209 219 214 214 218 212 221 219 220 224 247 261 264 260 258 257 242 248 259 249 237 252 256 263 258 260 259 259 260 241 250 253 251 253 258 260 251 250 257 259 259 255 261 260 258 259 274 272 260 259 244 242 223 222 237 239 241 217 228 239 239 246 249 220 234 231 221 215 210 217 205 195 182 196
139 140 140 139 159 139 139 160 151 146 147 163 162 185 202 219 206 200 197 200 201 204 199 196 201 199 202 199 211 220 220 218 219 239 252 250 258 246 240 241 257 259 240 237 241 245 257 260 255 260 260 248 239 242 244 244 247 251 246 252 258 260 260 256 245 251 259 259 266 265 250 240 261 236 225 255 250 251 249 222 220 233 236 254 259 240 234 220 221 210 220 217 216 200 203 206
140 140 139 139 140 138 139 140 137 147 158 162 179 203 240 223 199 198 199 194 198 217 221 195 190 200 200 200 200 219 220 218 216 218 231 233 260 247 240 240 241 257 238 241 261 276 260 259 256 248 258 243 241 240 240 241 239 239 252 257 258 259 260 259 261 240 258 260 260 259 260 237 240 233 240 243 261 247 243 240 223 240 237 241 240 240 243 221 218 223 220 223 227 221 214 199
136 136 140 134 138 140 152 137 140 151 160 175 199 201 220 205 199 196 197 190 199 199 200 194 182 196 194 200 201 219 219 219 213 214 218 226 242 247 248 237 240 246 231 240 259 270 255 258 242 237 260 237 243 243 240 239 242 248 256 260 263 276 262 255 256 238 246 258 258 251 246 239 241 238 239 243 251 240 239 231 239 239 252 258 268 254 259 234 237 240 235 240 236 219 214 207
123 123 121 125 134 139 132 136 138 147 158 173 199 202 198 184 196 187 184 182 185 195 198 201 181 180 189 188 184 197 221 215 212 219 218 220 233 262 247 236 239 232 233 251 259 258 238 241 223 233 242 233 240 241 238 245 251 258 259 260 261 258 259 259 238 237 250 260 260 258 250 254 257 247 241 239 238 238 237 240 254 258 274 262 278 269 259 256 252 256 252 249 235 218 203 199
119 119 120 119 121 122 127 172 159 147 161 180 167 187 190 179 179 180 181 179 180 203 199 197 180 176 180 178 194 215 220 209 213 218 224 238 239 239 239 234 227 224 229 247 266 263 251 234 219 222 229 231 234 236 238 258 257 259 260 259 250 260 260 241 234 250 261 258 256 260 251 260 259 261 251 239 240 239 252 277 295 309 305 295 280 282 281 265 279 302 279 252 237 224 220 202
113 114 112 112 108 110 148 163 162 159 182 182 161 179 180 167 159 172 164 160 180 196 196 190 180 180 173 180 207 196 201 201 204 212 220 220 237 239 237 240 229 219 220 239 253 260 259 237 221 220 228 237 240 241 240 260 260 259 267 260 245 258 258 252 235 240 260 260 243 253 238 249 260 258 248 239 259 256 256 267 288 311 336 337 295 299 299 295 314 299 261 249 243 237 222 208
132 140 130 124 120 113 120 140 137 140 179 169 154 180 160 159 173 159 159 159 172 162 179 179 178 179 170 181 194 192 186 194 201 206 219 220 242 238 236 238 226 218 223 239 240 240 246 226 220 218 234 240 260 253 240 251 260 259 261 257 239 260 259 243 242 256 253 240 260 239 237 238 248 277 255 243 257 259 260 262 280 284 320 337 318 297 278 295 324 319 314 303 283 267 254 240
137 140 139 133 122 118 108 124 135 139 154 160 143 158 162 165 159 159 159 160 151 159 179 179 180 170 168 180 179 180 178 185 194 200 218 220 238 239 233 222 220 217 223 236 240 234 221 219 216 232 239 244 259 260 260 253 259 260 256 259 240 240 238 234 240 239 240 240 237 240 236 260 239 254 260 258 255 259 260 261 260 266 273 289 276 272 269 280 295 304 332 323 300 286 266 252
140 140 139 137 123 113 106 122 132 138 139 143 138 153 154 160 160 160 159 144 163 182 181 181 162 160 163 178 179 175 180 193 206 199 219 219 242 240 237 219 220 217 221 234 240 242 224 214 214 241 240 240 239 260 259 257 260 261 244 238 240 236 240 229 232 239 220 239 236 232 240 239 237 251 259 258 259 259 259 260 259 257 257 259 256 254 258 266 286 277 302 300 279 279 257 258
139 140 139 138 123 111 116 119 123 133 132 132 140 160 139 153 159 161 140 140 160 159 162 179 156 158 159 161 167 173 182 185 212 222 228 217 234 239 239 240 216 215 221 231 239 239 223 219 221 236 238 239 259 259 260 258 259 260 240 240 235 230 241 227 224 240 218 239 225 245 240 241 229 240 264 260 260 260 258 255 255 239 241 245 239 252 260 253 260 260 279 269 279 275 248 266
138 140 136 139 120 109 110 117 116 119 131 134 134 136 140 144 150 153 144 139 142 151 165 173 156 170 163 174 183 189 205 215 212 221 238 240 240 240 228 223 220 216 212 224 230 240 237 216 225 240 248 261 259 260 260 259 259 259 240 240 234 230 226 222 217 220 218 236 217 238 234 240 218 243 272 277 263 258 259 240 238 238 240 236 239 248 236 245 248 243 260 255 254 244 238 252
137 135 132 131 124 121 104 110 120 124 140 145 157 140 140 141 140 140 137 140 140 151 161 152 155 181 177 179 187 200 212 216 219 216 217 239 239 240 226 218 212 204 211 223 218 239 222 205 213 240 242 243 252 260 260 260 260 259 244 240 244 256 239 239 224 211 219 220 215 218 229 236 226 239 257 257 274 260 258 261 258 247 231 228 235 241 222 247 247 237 245 244 239 238 238 240
139 140 135 126 121 121 121 103 114 119 133 146 159 146 140 141 141 134 138 138 141 149 160 148 160 165 180 179 179 181 184 197 197 201 218 241 230 225 222 220 209 199 212 221 216 221 208 220 236 237 238 240 250 260 259 261 259 258 241 240 242 254 240 240 234 216 202 206 214 220 219 221 218 228 233 248 259 262 239 264 261 260 248 221 220 223 219 225 236 230 253 239 240 239 235 238
131 131 128 123 119 120 122 111 112 123 139 142 147 149 139 137 132 152 157 160 149 158 148 148 155 178 169 177 179 177 181 191 193 205 218 226 240 218 220 237 220 203 198 204 208 200 206 219 218 232 240 243 254 260 260 256 251 240 241 239 240 239 240 230 219 219 199 198 208 212 220 209 220 246 215 226 229 232 237 240 258 260 250 239 220 218 217 234 227 220 238 239 239 240 225 220
120 120 120 119 115 118 118 103 114 133 141 151 138 138 138 131 144 158 159 166 182 175 173 159 156 175 179 178 178 180 195 204 204 221 236 219 220 220 216 224 218 199 198 201 198 199 208 217 225 240 240 241 254 260 260 280 260 254 244 235 235 231 225 220 219 219 199 196 197 194 200 195 203 211 210 205 223 232 232 240 240 260 262 261 232 225 215 225 227 218 222 232 237 239 236 241
117 119 119 116 111 111 107 109 120 132 139 140 141 132 128 140 161 175 179 179 202 199 188 177 174 181 185 201 179 188 199 197 221 223 235 219 218 220 216 217 211 200 198 210 209 209 218 220 222 223 232 232 243 257 258 274 270 261 250 240 240 240 240 237 240 219 216 212 199 197 189 185 190 189 192 204 220 231 245 250 248 247 259 260 259 240 221 218 219 215 220 220 241 239 240 238
109 119 120 119 109 106 101 113 120 136 138 140 139 124 140 145 159 169 178 193 221 238 208 200 199 191 210 211 216 197 216 214 221 237 219 220 216 220 214 202 202 192 205 220 220 218 219 219 219 218 220 230 239 259 281 264 257 262 240 233 240 240 240 241 238 220 219 220 219 211 217 180 179 178 180 199 202 222 237 247 260 259 260 260 260 260 237 211 220 216 215 220 236 235 240 239
107 112 120 121 120 122 109 107 118 132 134 123 123 125 135 138 164 180 189 203 237 249 239 220 200 222 213 220 218 218 219 237 242 227 219 218 211 207 204 201 197 191 207 222 225 218 220 220 220 213 218 219 239 237 251 258 261 243 244 233 230 225 231 239 235 241 238 232 224 220 218 198 213 182 177 193 197 223 242 254 261 256 256 255 248 229 231 215 213 220 208 219 220 221 236 233
120 110 109 112 110 108 101 99 106 123 122 115 119 119 153 166 178 181 180 206 234 234 227 243 220 238 217 221 220 233 238 239 238 240 224 218 219 211 199 200 200 189 200 214 203 205 214 221 214 209 216 220 221 223 239 251 244 239 241 227 219 219 220 220 219 226 226 236 239 229 216 234 228 191 177 178 194 214 221 238 253 244 253 246 239 233 233 222 211 202 202 217 219 219 218 218
180 143 121 104 103 110 108 101 99 106 120 119 124 124 141 172 179 169 174 179 193 201 206 220 238 245 230 238 243 237 238 240 231 222 242 245 240 226 202 196 200 188 193 198 199 195 198 199 199 212 214 214 217 222 230 235 239 237 229 220 218 216 220 218 219 220 218 226 227 223 221 229 225 203 180 180 194 197 199 217 228 240 241 237 258 248 239 226 220 223 206 204 216 220 219 216
178 149 143 132 138 139 120 115 105 99 108 116 155 174 160 196 203 161 178 180 180 179 180 204 220 245 255 261 255 220 221 234 220 209 217 237 224 220 215 201 200 193 183 191 192 206 214 215 222 219 220 219 215 228 222 229 238 264 262 245 223 220 217 220 216 221 217 224 223 217 220 216 220 202 177 179 179 189 200 222 219 228 234 226 233 239 225 219 219 208 203 198 201 210 204 220
154 159 162 139 139 135 119 121 114 98 101 115 156 170 172 185 167 151 179 174 176 198 200 214 240 241 226 261 243 211 200 216 221 197 200 212 219 213 221 217 205 205 181 183 192 199 204 213 219 219 219 221 225 218 221 230 240 255 261 262 226 218 217 213 211 215 214 219 220 213 209 204 205 189 179 172 180 203 207 216 221 215 203 204 217 220 220 214 201 200 198 194 199 197 199 216
140 149 151 156 149 131 123 120 120 105 98 113 132 146 170 160 156 141 161 152 160 181 191 206 206 200 223 233 220 200 197 199 199 192 197 216 218 199 205 208 212 209 196 180 195 199 199 199 213 219 220 222 240 234 221 232 240 249 260 260 235 220 218 208 199 199 198 202 203 199 198 199 198 184 169 171 199 193 199 200 202 194 197 218 242 224 224 212 202 219 201 199 191 190 198 196
140 138 138 140 140 137 134 119 118 111 95 110 132 140 146 146 144 140 142 139 162 163 173 182 188 207 200 210 199 196 180 183 179 192 211 221 219 201 199 199 200 200 192 181 186 200 200 200 210 220 220 218 228 240 239 237 239 240 255 256 247 222 219 230 227 210 193 190 198 191 199 186 180 180 167 167 180 177 193 191 189 188 202 208 213 228 236 220 219 203 198 196 194 186 180 182
136 139 137 136 140 140 139 124 120 113 102 102 120 132 138 140 140 136 134 141 156 159 164 180 179 180 207 199 182 187 179 178 194 202 200 199 199 200 199 201 196 201 180 185 199 196 198 200 214 219 218 219 225 236 239 231 232 240 241 229 243 218 221 235 219 210 199 197 186 184 199 195 176 175 163 162 167 174 176 178 178 183 197 196 199 201 211 219 220 217 228 219 200 193 180 178
120 134 130 129 138 139 140 138 125 114 102 99 122 133 139 139 140 122 134 148 160 158 159 176 166 180 200 181 177 180 178 179 182 200 200 200 197 197 194 194 185 184 179 193 200 219 200 208 219 219 219 219 220 223 237 229 219 225 224 220 222 218 200 223 200 197 196 180 180 180 179 180 177 180 163 159 159 162 169 181 180 179 200 187 186 195 201 213 220 219 216 221 204 199 200 198
119 119 120 121 128 138 139 139 125 113 106 99 117 129 129 120 119 118 128 140 157 146 155 160 162 174 178 169 177 160 171 180 177 189 198 199 186 184 203 179 176 185 186 201 209 220 213 209 210 219 220 219 219 222 240 239 223 213 206 222 218 199 196 197 200 194 188 181 179 180 179 180 179 180 178 178 160 161 178 179 179 180 188 180 181 188 198 201 210 199 201 212 190 183 180 180
120 117 120 120 121 131 139 139 117 108 102 99 121 120 118 112 112 119 121 120 125 137 142 156 159 151 159 160 159 159 159 165 171 180 180 190 181 179 177 182 171 201 199 196 221 220 220 221 219 218 218 220 219 220 226 238 222 216 201 207 200 222 198 189 191 188 184 181 177 177 177 180 178 177 175 165 158 161 171 176 179 180 180 176 179 179 180 198 200 198 202 204 200 183 179 175
120 119 118 117 120 119 123 128 110 100 93 104 114 115 110 108 110 115 136 137 144 120 135 139 132 137 137 160 153 149 155 153 151 158 168 179 163 175 179 164 168 181 200 201 200 219 220 220 220 220 219 219 220 220 219 221 220 214 198 197 196 216 199 186 179 182 181 180 180 181 172 178 180 179 176 164 157 158 160 173 180 179 177 173 176 178 179 191 194 193 189 200 198 200 188 180
118 121 115 122 120 120 120 117 100 95 99 110 102 105 126 131 120 123 144 160 160 131 122 129 139 166 157 139 142 160 181 178 175 158 163 156 160 200 192 195 203 200 207 219 208 217 219 220 220 220 219 220 220 219 219 220 205 203 200 200 195 193 200 187 182 177 179 180 179 180 174 172 179 179 179 168 159 155 156 168 176 180 178 168 170 175 180 180 179 181 180 201 195 183 181 178
119 120 117 118 120 120 120 116 95 88 108 119 103 113 131 140 142 138 140 153 158 160 137 122 139 155 170 182 189 188 185 180 200 172 172 189 177 179 197 199 199 199 205 214 217 220 220 219 220 220 213 218 217 219 219 217 222 207 197 198 193 185 185 180 177 173 178 179 176 178 175 168 178 179 177 165 158 154 159 180 159 172 179 166 164 173 179 180 175 174 183 201 200 180 178 176
102 112 115 120 119 120 120 131 101 95 112 120 121 120 136 140 139 140 141 144 149 156 160 167 171 159 163 161 179 195 195 198 200 186 174 200 201 199 202 199 199 200 200 208 219 219 216 215 220 217 206 206 212 216 218 219 220 215 201 196 190 186 179 179 179 177 171 170 170 170 169 166 174 178 174 161 155 155 159 167 158 169 175 161 159 168 177 176 169 178 189 199 181 178 177 163
83 97 99 108 121 118 124 140 102 95 111 119 120 116 124 132 141 132 135 139 140 160 160 177 183 181 180 180 180 178 180 184 201 196 186 178 182 197 199 198 198 200 200 199 211 214 206 201 202 200 199 200 213 219 219 220 219 216 200 194 198 214 196 186 185 181 180 177 169 164 163 162 170 179 176 164 158 154 159 157 159 162 163 160 159 159 165 172 161 180 178 180 178 179 158 159
67 67 81 98 111 120 119 127 107 85 93 99 102 121 117 118 125 119 140 159 155 159 152 156 157 167 179 179 179 180 198 200 211 206 197 196 195 200 199 200 196 198 198 200 209 202 200 200 199 199 199 200 212 220 220 220 218 202 199 210 218 220 200 200 196 180 179 177 176 172 161 159 161 174 175 166 160 155 154 155 160 159 160 159 156 157 160 160 158 165 172 177 165 179 165 159
76 67 68 74 89 107 104 120 121 90 86 97 115 116 120 115 117 118 140 159 158 180 181 178 179 167 171 171 176 180 196 200 219 220 212 196 203 199 200 200 197 193 194 199 209 201 201 199 198 198 199 199 208 217 219 220 220 216 207 211 230 242 214 199 199 184 179 180 179 178 167 161 159 159 163 160 158 160 151 153 160 160 171 172 159 155 158 157 159 159 168 175 156 177 158 158
101 88 82 76 72 94 100 121 121 102 82 100 120 116 118 123 139 122 139 156 165 180 180 178 179 181 185 195 175 178 186 201 212 211 220 214 201 202 201 200 197 193 192 199 200 197 200 198 197 195 199 200 206 216 220 220 220 220 219 218 242 237 219 214 194 199 182 178 178 172 167 175 164 158 157 156 155 154 158 149 153 160 160 163 160 157 150 152 158 161 176 169 157 159 160 161
98 97 103 95 91 72 94 113 119 106 82 120 143 136 119 119 119 130 138 149 169 179 186 210 207 192 191 206 180 179 179 200 200 199 219 221 209 208 204 200 200 196 189 196 199 199 195 193 192 194 197 200 206 217 219 220 220 220 220 230 240 240 220 216 201 197 184 182 180 179 181 179 175 165 159 163 163 160 152 155 155 151 158 158 160 160 156 148 153 155 159 165 179 159 159 157
116 100 106 100 99 75 99 106 120 106 81 115 133 139 134 120 121 139 141 160 167 181 190 225 221 217 225 212 192 177 178 182 193 200 217 220 219 216 208 199 198 195 189 189 192 198 188 194 200 200 205 197 200 214 219 220 219 218 219 226 239 241 217 205 202 203 199 186 180 180 180 180 180 180 176 179 176 165 160 158 156 148 154 154 156 159 154 143 154 179 168 163 159 160 159 151
97 114 119 115 103 74 93 100 116 94 82 120 159 153 144 128 120 120 138 160 159 184 204 232 241 238 228 214 201 180 185 191 194 199 200 214 219 220 218 213 201 200 195 184 183 182 183 193 198 199 215 221 202 201 206 217 224 239 236 238 240 242 234 221 220 214 200 185 179 180 177 178 177 178 179 180 180 176 168 159 154 145 145 145 146 149 143 140 174 160 173 179 179 160 156 153
121 120 120 120 112 74 80 100 107 78 90 121 163 191 173 148 139 121 139 142 158 186 199 233 242 241 225 214 199 194 186 199 221 200 200 220 217 210 217 218 208 201 200 189 182 179 182 192 197 200 216 218 227 216 207 220 223 227 239 239 240 238 222 220 205 205 200 186 180 179 179 172 171 173 174 173 169 172 179 177 160 151 159 155 144 142 140 141 159 159 158 161 162 160 160 160
109 120 109 108 120 82 77 90 86 78 105 129 179 208 191 160 142 133 133 140 160 180 198 227 225 219 222 209 199 201 200 204 211 197 196 199 202 201 205 203 199 197 196 190 182 178 184 193 200 204 221 239 241 221 219 216 221 242 239 236 240 239 234 224 214 198 196 185 180 180 180 173 164 163 163 163 160 160 160 163 160 159 157 157 152 146 139 141 155 158 147 153 157 160 159 157
90 100 102 98 118 116 78 79 77 106 120 154 170 201 192 170 151 139 139 149 163 175 186 208 195 199 221 209 197 198 202 219 213 196 181 186 189 200 200 200 200 200 199 190 180 180 185 193 197 206 218 219 230 238 237 233 218 222 240 228 229 227 235 241 214 200 192 185 179 179 178 171 164 162 159 160 159 157 156 156 158 160 160 160 159 156 147 138 141 143 139 146 173 161 158 147
69 84 88 107 107 114 105 81 97 123 125 142 168 187 177 168 160 139 137 149 160 166 176 179 178 199 204 199 194 200 198 195 194 186 179 180 185 184 186 199 198 198 200 187 179 179 185 193 199 200 211 220 219 222 220 239 241 240 230 224 219 220 237 240 228 197 197 200 186 181 178 177 171 176 167 159 160 159 157 156 153 157 160 160 159 159 159 139 138 139 136 143 160 160 181 159
79 77 76 78 89 97 120 120 103 94 104 140 166 161 143 140 147 139 135 140 159 160 169 165 174 179 186 196 188 193 190 181 179 180 180 177 180 180 179 182 183 189 192 184 178 180 185 191 197 198 200 219 220 218 219 228 241 232 219 221 219 220 230 234 225 209 200 200 199 188 179 175 176 185 185 176 167 159 182 175 160 153 154 154 157 160 160 161 146 140 137 139 149 159 162 158
96 94 82 107 79 92 109 117 95 100 95 125 137 113 114 120 134 140 131 153 153 150 159 161 180 180 180 198 182 184 183 180 179 180 181 179 181 179 178 178 180 181 179 181 175 180 181 187 191 194 199 200 215 216 218 219 240 230 218 221 216 218 219 223 222 218 201 200 201 187 180 176 175 187 193 182 184 175 181 173 168 162 153 150 152 159 159 160 158 160 139 133 145 155 161 159
124 120 98 133 125 95 92 100 91 100 100 115 111 108 104 116 142 143 126 131 142 160 157 167 180 180 179 193 186 178 182 180 176 179 180 173 180 180 179 178 180 177 167 168 170 180 181 184 186 192 199 197 199 213 232 220 223 219 214 213 213 219 220 221 218 202 198 196 193 189 180 180 177 178 181 196 202 186 178 178 183 178 160 151 147 150 154 159 160 150 138 131 141 141 145 160
