practica2/dem.asc
ncols        394
nrows        413
xllcorner    -102.322285360459
yllcorner    17.881211989023
cellsize     0.000833265373
NODATA_value 32767
[rows 141 to 187 of 413, columns 0 to 95 of 394]
136 115 124 139 139 130 102 88 91 99 101 99 103 117 119 108 137 142 123 136 159 174 160 182 179 182 178 188 190 178 186 179 171 179 166 180 179 175 165 165 173 161 162 162 165 175 180 181 184 192 200 200 214 220 236 216 220 216 202 209 229 240 230 225 215 223 219 200 201 203 186 198 195 181 184 198 200 200 200 201 192 181 163 162 157 149 146 155 158 140 140 130 136 136 141 161
155 119 140 177 157 153 131 125 111 104 118 127 117 142 130 105 134 132 114 127 165 179 165 178 180 180 179 181 193 183 161 160 160 160 162 163 162 166 181 181 160 168 181 178 176 162 170 181 181 185 191 194 195 200 208 213 215 201 216 231 236 238 229 223 219 237 239 211 204 201 200 208 196 186 198 197 187 184 180 201 187 179 177 170 159 155 143 141 137 137 138 143 136 127 127 143
143 139 153 179 183 170 150 140 127 101 121 138 140 142 120 115 107 114 110 118 140 161 159 179 180 181 174 184 189 183 163 159 161 182 160 179 169 177 179 182 184 188 199 188 201 176 172 176 184 186 186 190 198 200 200 200 198 199 227 240 232 226 223 222 222 240 243 239 229 215 200 196 195 199 199 192 180 179 175 180 175 174 162 160 160 159 155 141 140 142 139 128 142 132 131 138
140 160 167 202 196 181 163 145 128 121 122 139 160 139 122 129 144 141 118 113 140 146 156 173 179 178 174 169 172 176 162 155 182 188 179 196 183 179 177 179 185 196 201 200 197 182 175 181 192 201 201 197 193 193 195 198 197 218 218 228 219 220 220 223 229 237 239 240 226 218 206 199 199 200 196 185 180 179 176 170 164 160 159 159 154 152 148 145 150 141 140 125 130 125 141 155
166 178 200 200 184 179 175 157 153 145 136 153 143 125 123 136 140 137 122 111 127 138 155 190 201 179 183 160 152 151 149 159 181 199 194 201 197 188 183 188 189 194 198 200 200 190 182 177 184 198 204 217 200 200 199 198 205 221 216 229 215 218 218 225 229 238 238 248 260 231 216 205 200 198 191 188 182 179 177 178 180 168 159 158 159 158 160 157 160 154 137 122 128 144 158 146
197 201 213 219 198 193 181 182 180 154 140 128 128 134 140 141 140 139 127 112 122 153 180 159 180 180 161 140 139 142 156 158 186 200 199 214 206 200 200 198 197 198 197 199 199 190 183 178 178 182 199 202 199 199 200 200 208 209 205 213 223 239 240 237 240 238 241 256 265 239 233 222 220 203 196 200 192 179 198 184 169 167 164 157 160 159 160 160 159 147 143 123 126 140 160 139
199 201 198 198 200 198 183 181 161 155 133 127 134 140 140 139 137 134 128 113 123 164 182 170 143 151 165 146 152 182 181 158 168 182 193 200 204 197 200 200 199 200 199 200 197 189 182 184 182 179 183 194 200 197 200 200 198 199 204 220 218 241 239 240 241 251 258 265 284 277 245 242 229 201 199 209 198 196 201 179 180 178 164 159 159 160 159 158 160 146 139 143 126 120 147 136
194 181 190 187 194 197 183 179 165 159 130 129 130 137 140 140 145 159 137 115 117 128 142 158 132 140 133 144 137 161 179 181 179 177 184 196 187 180 191 199 200 200 200 200 195 198 200 194 188 182 183 187 191 194 200 199 200 200 202 209 216 220 231 236 241 279 277 280 290 299 292 260 239 237 224 216 219 199 197 201 187 181 180 181 162 160 155 150 157 145 140 137 135 119 130 126
200 179 180 180 181 180 179 180 181 148 138 134 133 139 140 140 152 154 140 128 115 115 126 145 128 149 161 137 135 150 173 180 178 180 179 180 179 179 179 179 193 197 199 206 199 198 200 198 192 197 202 190 193 195 193 199 209 199 204 221 220 218 222 233 242 267 269 274 281 283 303 287 265 265 259 236 215 205 214 205 177 159 161 159 160 155 148 140 139 140 140 136 126 118 120 125
199 193 165 174 184 179 168 178 167 139 141 137 137 140 140 142 159 178 167 135 118 120 118 139 133 129 161 164 146 147 161 158 161 178 180 180 177 179 177 175 178 186 200 213 200 201 200 200 198 194 199 202 204 202 196 213 223 218 203 217 220 219 220 224 236 240 247 259 258 280 311 299 256 239 250 253 235 219 196 188 181 180 173 159 152 140 138 140 135 140 139 141 140 140 116 120
200 182 158 161 190 195 179 159 154 157 159 139 140 140 139 148 160 182 151 137 119 119 129 120 118 135 160 176 172 166 156 161 160 180 173 180 176 170 170 170 176 185 200 201 206 207 208 219 221 210 199 208 214 209 198 231 239 238 218 219 230 230 227 228 230 241 260 263 260 282 305 299 255 240 234 243 226 220 193 176 172 168 164 160 149 159 159 161 149 137 135 131 130 119 127 116
161 146 152 178 184 189 173 160 166 179 158 140 139 141 150 164 180 163 161 139 126 119 142 128 118 139 154 159 165 181 157 167 157 160 144 153 162 162 170 181 184 200 218 216 216 216 215 219 221 216 200 231 237 218 202 206 215 236 243 236 239 238 237 237 239 239 254 280 282 281 295 312 282 262 231 219 217 222 199 181 180 176 160 158 159 175 178 159 140 159 140 143 143 138 132 117
129 132 172 182 190 197 182 187 192 179 164 152 139 145 171 183 174 159 144 137 140 133 137 139 132 128 150 136 157 161 155 149 141 141 153 177 171 169 179 180 203 200 211 220 220 219 219 223 219 220 199 229 239 224 211 229 241 238 246 260 241 249 254 242 239 238 238 248 240 247 283 262 292 301 249 232 214 240 205 181 176 171 162 173 177 181 169 155 168 159 161 148 138 134 120 114
117 140 159 179 181 201 194 187 185 177 160 152 143 156 183 179 158 158 141 144 144 141 126 148 171 154 125 139 139 145 142 141 157 164 159 178 175 180 183 188 180 190 204 209 221 220 229 241 226 232 215 217 237 227 218 227 237 245 258 270 261 271 283 257 238 236 238 243 233 226 242 246 257 296 276 232 219 218 219 198 180 177 179 179 201 188 171 163 176 159 143 138 135 140 122 116
121 135 143 161 179 194 194 179 181 172 163 156 147 155 170 181 170 159 166 159 159 139 124 140 154 160 155 157 130 133 135 137 144 143 145 153 160 172 178 179 180 180 200 196 213 220 239 240 240 238 231 229 219 243 237 239 249 239 255 278 296 282 286 262 257 236 224 220 220 218 218 229 243 271 296 269 233 198 206 220 201 200 186 191 219 200 180 187 175 160 159 156 143 139 130 117
122 141 156 184 183 199 197 188 183 195 183 158 150 155 164 181 179 184 180 181 152 139 129 134 162 161 160 160 151 149 159 150 136 158 162 160 161 162 174 180 179 183 189 193 199 201 225 239 261 259 263 241 237 241 241 259 259 259 265 273 305 322 299 284 270 258 227 219 203 212 217 217 225 244 236 259 221 190 189 203 189 193 197 221 201 202 222 193 172 159 161 159 152 139 128 114
137 154 169 180 182 178 184 189 201 201 182 175 153 160 181 180 180 179 178 151 153 138 139 129 140 148 159 182 160 164 167 154 138 153 159 162 161 157 160 165 179 180 178 183 191 200 212 220 240 275 283 266 242 261 247 255 260 281 285 328 342 344 319 318 301 282 240 219 210 197 201 207 212 216 215 213 200 193 179 181 180 177 191 199 179 182 216 208 178 161 157 158 154 138 118 118
132 144 156 147 170 181 159 175 195 202 199 187 159 160 178 180 179 167 159 168 164 138 140 136 140 141 152 167 159 168 178 178 146 152 160 159 160 161 170 180 179 178 180 184 197 197 205 219 234 254 279 282 279 281 259 253 258 275 289 327 352 327 288 290 290 259 240 227 221 202 192 201 200 199 200 197 196 184 183 177 179 174 176 182 160 179 180 201 179 160 140 140 139 129 150 160
118 140 135 141 161 158 158 164 182 183 199 193 159 170 178 182 181 160 180 181 182 144 150 140 132 140 146 157 165 179 179 161 153 139 153 160 160 160 167 177 180 180 180 181 188 193 200 220 229 240 257 280 279 280 262 258 278 278 281 288 305 287 266 257 260 237 225 218 220 199 191 189 183 180 187 185 179 175 199 173 179 170 159 160 160 160 177 179 181 163 159 154 138 139 140 143
110 123 126 139 143 146 156 160 174 176 196 194 160 158 174 200 180 171 180 180 176 154 159 138 135 139 161 160 179 181 179 174 174 141 152 150 155 161 161 163 170 180 176 180 179 191 197 217 220 245 260 279 261 275 272 280 293 284 275 261 269 265 250 242 245 240 219 216 201 199 212 194 180 178 178 180 181 165 180 165 171 170 157 160 161 155 180 163 160 159 159 160 141 140 137 135
102 100 117 135 134 143 159 155 160 163 180 186 166 159 168 178 180 179 181 183 179 150 137 139 162 140 156 159 180 180 181 181 179 156 144 175 170 173 160 173 181 172 174 176 179 187 197 212 218 240 260 260 264 265 258 272 283 280 271 250 257 254 242 239 235 237 225 221 206 208 234 225 219 197 179 173 173 160 157 160 160 160 151 139 139 140 155 161 159 157 155 158 159 140 140 129
104 112 114 116 123 136 160 149 161 179 196 191 173 159 169 185 180 180 173 160 159 146 140 137 142 157 159 180 174 172 179 179 178 172 151 165 180 183 187 185 180 201 198 197 188 180 215 234 237 240 243 249 239 241 244 274 267 299 281 264 237 237 240 232 226 228 220 219 218 220 233 251 258 231 229 218 187 199 187 167 154 158 149 151 147 138 139 142 139 141 157 139 140 140 120 122
121 117 148 133 148 130 141 145 160 182 195 196 176 164 175 200 201 201 200 183 160 149 139 154 142 157 159 158 158 170 176 177 181 162 169 154 160 163 172 174 198 204 211 201 200 196 191 213 247 259 226 226 244 248 246 254 262 261 275 259 257 224 227 222 219 234 217 215 215 219 219 240 250 263 269 228 208 211 211 178 157 153 155 172 167 159 138 135 134 136 135 140 134 139 120 139
139 122 154 146 159 148 134 138 146 165 177 196 185 170 172 192 183 189 187 180 172 154 138 159 156 152 157 156 174 182 184 209 201 181 181 182 161 162 176 176 186 201 199 202 212 216 193 219 225 222 218 229 265 273 281 290 274 239 240 241 238 218 240 220 218 220 217 219 211 214 222 240 244 279 259 227 219 219 213 180 160 194 206 200 181 178 157 159 152 141 135 131 135 124 133 140
138 135 136 157 161 143 137 154 159 161 171 172 183 175 167 179 179 178 178 180 179 160 140 158 160 159 156 161 170 177 179 196 199 202 190 203 181 175 182 189 197 190 199 199 220 220 198 199 205 212 222 235 260 274 299 304 267 250 232 220 220 220 229 219 218 220 219 220 212 210 220 225 228 265 251 233 214 216 208 181 176 189 214 221 218 221 207 201 169 184 169 167 149 141 140 137
176 161 163 180 162 161 159 151 160 160 160 162 178 178 158 181 181 181 178 177 181 155 159 158 161 180 161 159 167 174 185 199 199 200 201 200 197 178 178 197 200 212 200 211 213 224 214 227 237 245 257 261 253 259 275 280 291 277 234 220 216 218 220 212 216 220 219 218 218 200 218 216 221 247 235 239 224 198 199 189 213 212 212 220 241 237 241 226 211 217 210 207 162 145 139 135
183 203 215 208 177 158 141 145 160 155 157 156 157 163 156 176 181 178 171 163 159 160 150 156 159 179 175 162 180 183 180 185 193 206 205 198 197 200 190 202 199 203 219 220 229 239 227 245 263 252 245 240 239 247 260 269 298 278 264 229 216 213 219 203 207 220 220 213 200 199 201 211 217 220 220 209 212 197 189 213 240 251 245 254 239 227 228 217 220 219 219 204 177 169 159 145
162 183 200 197 178 163 148 135 143 137 140 159 150 150 156 166 161 177 179 170 170 180 156 155 159 174 171 170 177 183 200 202 219 230 225 213 199 198 199 221 206 196 201 205 213 221 230 241 260 244 239 258 256 266 266 284 280 253 258 238 216 205 218 199 209 220 219 219 199 201 217 220 216 220 221 206 198 204 219 225 258 284 283 258 238 208 200 200 221 210 185 172 179 180 158 140
139 163 141 153 156 153 139 133 125 133 127 142 140 135 161 176 158 174 178 174 158 181 158 155 157 159 161 168 180 176 185 194 203 222 219 197 187 181 199 200 201 180 203 197 202 221 229 228 230 230 250 281 279 275 283 269 258 240 245 239 209 199 221 206 200 218 217 219 199 212 220 220 219 219 220 206 200 214 219 241 251 266 274 248 219 202 199 204 206 201 180 160 157 160 160 139
133 144 140 130 126 143 140 126 119 120 142 140 131 139 170 171 154 144 160 157 154 178 161 171 160 158 159 160 166 179 181 200 215 233 236 205 201 179 180 186 190 177 179 200 202 210 218 217 221 248 259 265 257 249 274 267 256 230 226 239 215 201 218 198 198 220 219 203 198 222 218 220 220 220 220 216 212 225 246 249 234 217 220 218 199 191 180 178 193 185 180 166 140 145 159 148
122 123 119 140 116 137 132 120 115 136 127 117 129 139 161 159 159 140 157 160 149 155 163 180 179 161 159 159 168 180 180 187 197 220 242 219 201 197 176 180 178 183 201 206 240 244 242 227 217 231 232 239 240 258 274 248 260 253 219 219 203 218 213 200 196 219 220 209 196 211 204 212 218 220 221 243 253 231 261 282 248 223 198 187 178 170 159 171 185 168 179 160 144 140 159 160
120 119 116 122 120 122 119 120 112 123 114 112 135 142 159 147 139 139 139 159 140 150 158 172 160 160 160 161 171 177 180 186 202 243 239 220 219 202 192 173 177 181 198 207 242 244 226 203 215 233 239 252 249 272 261 237 253 242 220 207 193 223 220 197 196 208 219 208 191 198 203 215 214 215 220 236 257 256 260 279 235 223 214 218 211 200 184 153 154 163 160 150 153 135 160 151
120 118 119 107 104 120 119 107 104 123 99 107 121 143 163 140 136 138 138 143 139 143 151 157 157 159 160 171 175 178 180 198 203 232 242 225 200 199 180 172 174 178 200 216 242 231 200 202 242 240 241 256 262 268 244 222 236 260 239 218 191 208 214 196 212 220 206 209 196 205 233 244 232 219 219 239 265 280 282 274 263 243 239 241 249 219 211 175 182 147 138 129 118 122 141 144
101 99 123 100 118 120 118 97 103 100 103 120 125 135 140 137 127 140 140 136 139 139 139 147 160 166 178 179 172 178 197 203 219 239 225 216 203 214 215 175 174 199 217 234 222 203 187 216 222 225 219 233 266 276 244 217 228 244 234 221 205 187 193 180 204 219 221 196 199 226 254 263 243 224 220 237 260 273 247 246 244 253 278 282 276 232 220 216 200 162 170 159 151 124 116 131
71 101 101 96 102 107 119 92 104 102 121 121 128 119 128 121 120 125 131 161 159 139 174 168 155 159 158 171 165 179 182 201 200 231 240 240 215 194 206 185 161 202 197 221 199 213 180 199 199 214 217 225 261 263 233 219 222 241 264 276 240 210 213 181 190 220 200 185 206 239 245 253 237 237 233 240 260 259 238 230 221 226 256 253 244 208 200 197 182 181 173 162 157 153 128 100
58 80 93 81 101 99 100 99 122 139 125 103 119 111 116 117 122 140 151 156 179 150 156 159 160 170 180 176 162 161 180 191 210 229 219 208 202 197 177 182 160 180 195 202 191 196 177 200 223 233 238 233 254 239 224 212 209 239 280 272 251 214 200 182 202 209 182 188 205 205 219 228 215 238 230 225 253 238 236 210 207 226 262 257 224 204 198 171 158 180 158 155 159 162 165 132
49 57 66 76 82 76 78 100 115 140 117 99 121 123 117 141 130 139 158 184 181 157 178 186 179 175 179 180 177 158 188 198 220 245 217 197 183 182 176 193 177 172 185 182 170 178 177 200 224 240 240 247 232 215 220 214 201 225 247 240 244 220 204 176 203 219 197 184 198 198 207 231 215 209 209 222 221 209 222 197 209 222 241 260 231 222 199 171 150 163 162 158 137 143 160 141
53 52 51 57 61 58 66 100 124 114 95 117 123 140 152 153 141 136 162 158 179 175 181 179 173 162 162 165 164 158 167 196 220 246 242 214 190 198 176 169 178 158 165 177 191 216 200 191 204 219 219 236 233 217 215 205 196 198 216 213 221 221 209 179 185 220 204 177 185 202 214 224 236 216 197 199 220 204 193 194 227 254 232 216 209 194 196 161 144 140 144 156 145 138 160 124
64 81 57 74 71 85 60 83 78 78 80 120 141 158 171 182 166 138 149 160 168 178 201 176 159 159 160 160 154 157 161 192 221 225 238 239 221 206 194 193 158 160 205 218 219 221 221 213 201 221 218 244 260 243 231 230 220 202 194 220 206 201 220 188 176 188 182 175 190 202 217 210 225 218 198 184 182 191 176 194 229 242 240 239 228 202 161 159 151 134 125 123 120 140 138 119
95 81 83 90 79 102 97 84 88 122 106 113 126 146 157 175 156 145 149 181 181 179 178 173 163 161 160 153 177 176 173 176 193 215 220 207 219 221 221 198 159 160 204 202 218 200 214 222 224 218 240 262 271 245 241 233 206 204 189 236 199 217 211 192 174 175 176 183 198 196 201 200 214 222 200 193 189 175 176 200 223 214 239 239 212 179 158 148 163 164 145 120 101 137 118 146
121 97 108 104 120 106 139 107 82 128 124 117 119 123 155 181 170 150 155 157 159 187 204 180 170 181 159 151 159 156 166 180 179 203 198 200 200 207 219 200 174 149 169 188 199 212 220 222 259 257 246 263 238 237 227 214 203 196 183 206 186 215 208 201 198 170 172 198 218 221 219 226 234 239 222 226 196 165 165 203 204 197 231 240 211 180 163 147 139 142 150 134 104 105 136 161
157 110 109 121 125 123 161 121 112 138 155 141 140 155 160 173 158 156 155 175 173 201 181 176 161 166 175 164 146 173 183 202 199 200 178 185 185 182 203 212 179 147 173 204 223 224 226 231 256 261 278 276 259 238 224 238 221 222 188 199 183 198 198 199 180 172 169 189 199 201 206 215 233 238 250 208 184 159 186 191 177 198 224 203 178 159 179 159 152 118 140 130 99 99 155 138
134 120 118 103 142 133 165 167 141 121 162 179 179 180 173 170 160 159 157 174 201 199 198 176 159 157 168 174 158 159 176 193 194 194 203 180 178 173 195 161 170 147 159 189 210 203 230 240 240 243 256 258 271 243 243 228 206 195 179 176 204 198 190 179 179 167 176 179 180 206 213 225 236 234 234 212 180 157 172 158 179 219 220 179 159 153 178 174 156 131 112 101 99 91 113 119
157 144 113 99 122 148 182 171 150 124 149 172 194 212 191 180 179 169 166 176 201 197 201 174 163 157 152 157 140 158 161 164 181 180 174 184 179 157 166 177 142 152 173 177 200 178 206 234 232 222 219 234 263 237 219 212 199 199 183 172 183 193 180 181 163 187 195 203 194 207 220 244 256 228 207 203 187 164 138 148 182 210 187 164 140 145 148 180 173 143 121 101 115 123 83 114
172 150 123 146 137 139 194 189 182 142 144 178 180 214 241 224 198 174 173 200 200 183 181 181 196 166 159 140 136 149 147 161 183 164 173 160 179 182 168 159 139 142 174 184 172 180 188 232 237 205 219 252 238 256 233 202 194 178 188 196 163 177 181 160 180 206 203 220 201 200 217 234 250 225 194 184 162 158 147 141 177 193 164 148 138 135 133 160 153 123 119 134 140 128 109 79
192 136 163 181 187 149 208 186 159 152 157 152 160 190 256 236 209 183 194 200 200 182 179 186 184 181 158 151 159 139 136 154 172 160 156 153 180 191 152 136 138 135 152 162 182 180 203 231 217 200 213 225 227 222 233 210 207 201 180 180 169 162 159 163 190 215 233 231 213 217 227 241 225 215 208 183 188 173 135 127 157 155 149 150 152 160 132 118 120 116 123 150 140 127 121 119
159 159 199 215 216 165 222 199 177 179 189 164 184 197 245 266 222 199 202 200 200 191 180 175 179 187 181 157 164 157 131 148 160 159 160 145 169 176 148 136 146 134 154 176 198 212 213 234 203 189 211 210 223 216 223 218 207 193 176 180 178 151 156 185 207 228 259 232 233 223 218 241 237 245 253 220 224 187 156 126 122 137 145 165 183 173 159 151 105 123 154 154 156 151 125 99
