practica2/dem.asc
ncols        394
nrows        413
xllcorner    -102.322285360459
yllcorner    17.881211989023
cellsize     0.000833265373
NODATA_value 32767
[rows 141 to 187 of 413, columns 96 to 191 of 394]
158 159 140 135 138 155 159 159 180 180 180 177 177 179 167 159 158 165 153 153 149 162 162 162 175 179 180 179 179 183 193 192 202 221 209 213 220 221 192 207 202 192 173 167 168 185 221 243 210 196 199 200 221 195 180 198 183 178 196 203 173 139 128 113 104 98 88 77 69 40 48 40 79 40 40 40 40 40 40 40 40 40 40 40 40 40 40 55 60 60 52 61 65 71 60 78
154 141 141 134 139 160 159 160 161 179 165 164 171 179 180 173 159 152 152 145 155 159 167 178 179 178 176 174 181 179 183 180 179 186 183 194 193 195 184 170 172 172 164 155 161 187 221 226 203 174 180 177 200 200 185 156 153 161 140 155 146 120 119 102 99 91 79 76 73 46 57 40 40 40 40 40 40 40 40 40 40 40 40 40 40 53 42 40 43 40 40 44 43 60 60 71
156 140 138 133 154 159 159 159 160 159 159 160 161 170 179 169 159 179 147 144 155 160 165 173 173 170 168 164 164 175 179 169 165 176 169 164 164 179 179 164 160 157 153 146 153 161 171 181 168 160 159 169 194 224 181 150 138 152 157 126 120 104 101 98 83 81 79 73 74 82 73 62 40 40 40 40 50 40 40 40 40 40 40 40 40 40 40 40 47 40 40 40 40 54 60 59
138 133 131 133 143 163 168 160 159 159 160 164 172 158 161 160 158 160 140 142 151 157 161 164 164 162 160 161 162 164 164 159 157 159 158 152 158 164 163 156 154 148 142 140 143 145 149 152 156 156 160 181 204 183 161 143 133 141 145 126 107 99 93 90 80 79 77 69 48 40 40 40 40 40 40 40 40 40 40 40 40 40 40 40 40 40 40 40 40 40 41 40 40 40 47 57
132 133 141 140 160 159 159 158 160 159 159 159 163 159 156 152 148 155 142 139 144 152 157 161 160 159 157 161 160 159 160 158 155 153 150 145 152 153 148 147 141 143 141 139 140 137 138 136 149 152 160 181 185 171 158 137 120 119 123 107 100 99 98 87 79 74 66 62 50 40 40 40 40 40 40 40 40 40 40 40 40 40 40 40 40 40 40 40 40 40 52 43 54 58 64 59
129 130 136 161 160 160 159 155 160 155 159 159 159 159 160 156 139 153 155 138 140 142 152 160 160 155 154 160 160 160 160 159 156 154 156 153 139 140 138 139 139 140 139 137 140 136 131 130 131 146 160 158 158 161 140 127 116 120 103 98 95 100 97 99 81 76 61 60 58 56 54 40 40 40 40 40 40 40 40 40 40 40 40 40 40 40 40 40 40 49 61 61 66 80 79 74
128 140 160 153 159 160 157 161 146 149 159 158 159 160 160 155 145 139 145 138 140 138 144 151 152 153 161 160 160 160 160 159 159 160 165 168 137 135 135 140 137 136 135 133 134 131 127 124 133 144 148 138 140 159 138 124 113 110 100 97 91 84 79 84 79 76 71 62 40 40 40 40 40 40 40 40 40 40 40 40 40 40 40 40 40 40 40 40 40 44 60 61 61 75 78 79
142 151 140 141 159 160 155 159 144 148 157 158 160 156 155 155 152 137 136 136 139 140 139 160 160 159 159 159 160 159 160 162 166 179 187 202 171 139 129 129 131 130 130 128 127 125 123 120 129 141 133 136 139 140 140 135 115 102 100 100 100 88 102 78 74 71 61 56 55 40 40 40 40 40 40 40 40 40 40 40 40 40 40 40 40 40 40 40 40 40 49 55 55 80 77 79
136 138 139 139 148 148 147 160 137 143 160 160 160 160 157 143 139 140 135 134 155 153 150 162 157 156 157 159 159 159 163 183 192 220 199 189 158 142 134 120 122 132 136 130 124 121 120 119 116 121 118 121 120 137 140 142 111 100 98 100 97 98 95 82 78 78 79 80 55 40 40 40 40 40 40 40 40 40 40 40 40 40 40 40 40 40 40 40 43 74 51 51 75 83 79 81
139 139 140 140 140 140 157 146 137 154 160 158 159 155 160 149 141 137 133 135 148 155 156 159 161 149 151 155 157 160 165 178 174 195 184 156 146 139 131 121 121 133 140 137 134 140 128 118 125 113 121 114 117 137 141 111 102 96 91 93 92 87 79 80 80 80 80 68 68 48 40 40 40 40 40 40 40 40 40 40 40 40 40 40 40 40 40 40 40 71 71 66 100 83 80 90
142 138 140 139 140 138 141 134 150 159 160 154 154 159 145 143 141 139 130 138 141 141 149 154 153 140 148 160 159 160 159 157 150 160 160 141 138 134 128 121 122 133 139 138 137 140 138 139 160 150 121 101 121 120 118 112 98 95 86 86 84 80 79 78 80 79 68 40 41 40 45 40 40 40 40 40 40 40 40 40 40 40 40 40 40 43 60 61 53 53 62 68 99 87 86 99
122 139 140 138 141 135 136 140 141 150 160 142 151 160 152 139 140 139 131 136 139 140 141 141 139 142 149 160 166 174 159 150 139 141 143 138 135 125 120 117 123 130 140 139 138 143 159 158 161 163 132 100 100 100 119 120 111 100 82 81 82 81 79 76 79 77 61 45 59 49 40 40 40 52 40 40 40 40 40 40 40 40 53 40 41 57 61 77 77 58 60 70 97 98 98 107
143 138 140 135 135 131 140 140 139 139 139 148 159 158 156 143 137 139 133 131 141 139 139 138 135 141 145 155 161 181 175 158 142 136 140 131 120 120 119 115 120 119 128 138 140 148 160 152 164 157 141 116 97 100 111 101 99 96 87 80 79 84 76 71 69 73 60 62 55 52 40 40 40 45 40 40 40 40 40 40 40 40 40 40 60 77 75 79 80 80 70 66 82 93 94 109
133 133 132 129 126 130 135 138 139 140 140 147 148 150 144 139 138 133 130 125 138 138 133 131 133 139 143 158 167 173 158 160 144 137 130 125 120 118 118 121 111 115 121 135 140 141 143 140 159 147 121 105 100 95 94 93 99 92 80 80 81 90 80 80 71 60 50 46 59 40 40 40 40 40 40 40 40 40 40 40 40 53 51 60 61 60 70 75 76 80 97 80 73 81 83 97
124 124 123 120 123 132 137 140 140 139 139 139 140 143 141 140 139 138 131 123 136 138 130 134 141 139 141 152 159 177 153 148 140 132 123 123 120 120 119 110 111 120 119 133 137 124 145 134 139 124 116 103 103 95 86 79 79 81 78 79 80 79 78 66 59 63 77 49 40 40 40 40 40 40 40 40 40 40 40 40 40 40 40 40 49 48 58 61 66 81 88 83 79 78 83 96
120 120 120 119 135 129 136 137 140 139 140 140 140 140 140 140 140 140 128 119 136 133 125 136 140 155 155 155 159 155 148 139 137 129 120 122 119 120 112 106 120 118 118 126 126 117 140 121 135 143 120 122 120 107 95 96 101 81 76 74 74 72 69 67 80 77 80 60 49 42 66 40 40 40 40 40 40 40 40 40 40 40 40 40 40 57 67 80 76 71 80 80 82 88 99 93
111 115 115 111 119 119 124 131 136 137 140 140 139 140 141 140 139 137 130 119 120 120 138 139 142 156 160 145 149 155 156 136 134 135 127 117 115 110 103 100 121 110 111 116 119 116 115 132 141 137 139 121 114 105 99 98 100 95 83 78 79 79 78 78 79 80 74 64 61 75 41 40 40 40 40 40 40 40 40 40 40 40 40 40 46 62 64 78 103 82 79 78 80 83 89 96
146 117 114 107 109 114 120 127 136 139 139 141 138 141 144 141 140 140 140 124 117 119 136 139 140 143 149 138 140 140 138 138 128 138 134 120 119 119 103 98 103 99 100 103 107 112 131 144 156 123 120 121 105 100 99 99 100 95 83 80 81 85 83 79 79 76 62 60 62 50 40 40 40 40 40 40 40 40 40 40 40 40 40 40 51 58 65 80 91 80 81 81 79 80 81 87
159 136 139 119 105 107 124 128 139 141 141 139 136 145 154 148 140 140 139 129 118 116 117 123 139 140 137 134 136 139 140 137 119 122 119 120 114 110 103 100 97 100 99 100 103 132 138 158 148 122 116 109 99 99 99 100 100 95 85 80 80 80 83 79 79 77 63 56 40 40 40 53 40 40 40 40 40 40 40 40 40 40 46 40 64 56 81 78 76 78 79 81 84 86 90 92
140 140 140 132 117 108 110 124 139 138 129 135 140 139 159 153 143 138 140 135 123 119 115 125 139 139 138 131 133 139 137 140 131 117 116 114 105 100 100 99 94 100 96 96 103 134 143 135 143 119 117 103 99 99 100 92 94 89 83 80 80 79 78 77 77 77 62 56 63 40 40 40 40 40 40 40 40 40 40 40 40 40 51 59 45 48 81 74 75 82 85 88 94 98 99 99
121 127 127 134 118 105 111 120 121 121 128 157 149 140 150 146 141 141 136 132 136 118 112 119 140 137 136 134 127 139 135 123 122 120 116 114 108 114 119 110 97 93 96 95 101 107 115 121 120 116 100 100 97 96 97 80 79 81 80 80 80 79 80 78 76 59 59 49 40 40 40 40 40 40 40 40 40 40 40 40 40 40 40 40 40 71 82 60 70 85 99 100 98 100 100 99
117 119 117 118 110 106 115 112 119 122 137 153 159 159 151 139 138 137 132 120 139 113 125 139 137 129 132 139 140 118 118 120 118 119 119 119 120 120 119 121 102 93 87 91 96 98 107 119 118 114 100 98 97 99 84 80 79 78 80 80 80 80 80 79 79 74 78 80 60 40 56 40 40 40 40 40 40 40 40 40 40 40 40 40 42 59 69 58 63 77 103 102 100 100 99 97
140 133 115 109 104 103 104 120 128 138 140 140 158 160 158 143 140 141 127 119 120 111 120 140 131 119 122 126 119 119 115 116 116 119 119 120 119 106 108 103 100 97 87 87 99 99 100 121 120 115 120 111 99 97 83 80 79 76 78 79 80 80 79 77 78 76 81 76 47 40 40 40 40 40 40 40 40 40 40 40 40 40 44 40 40 40 49 58 58 69 80 100 99 98 96 92
136 136 117 121 113 103 104 119 134 140 146 163 160 157 152 142 140 136 124 120 115 113 110 113 118 116 117 120 118 115 114 112 110 116 118 118 113 100 99 98 99 98 97 85 89 95 103 122 119 104 114 101 93 96 79 80 80 75 75 80 80 78 80 79 67 62 67 56 58 42 40 40 40 40 40 40 40 40 40 40 58 46 40 57 40 40 40 41 58 61 81 89 88 85 85 84
130 119 121 121 120 100 116 120 121 130 139 159 155 151 140 140 140 140 131 122 119 111 107 106 107 109 112 117 118 110 120 107 100 105 112 118 112 104 100 97 96 99 97 88 78 85 96 103 121 107 97 89 81 80 77 79 79 74 69 79 75 79 79 77 65 60 57 40 40 50 40 40 40 40 40 40 40 40 40 40 40 56 50 77 80 63 74 40 60 63 80 80 78 80 80 79
136 127 129 122 116 100 107 121 120 135 140 141 138 140 140 140 138 136 128 121 116 117 112 104 102 103 106 111 119 111 110 104 99 100 101 119 112 116 106 97 88 96 99 82 77 94 99 100 100 103 89 85 80 80 79 76 73 68 64 66 70 79 79 76 63 60 60 63 40 40 40 40 40 40 40 40 40 40 40 40 40 62 40 40 78 81 74 62 60 63 72 75 79 79 81 79
150 154 139 121 120 113 96 121 118 119 128 137 138 139 139 140 139 139 124 119 121 120 118 109 100 100 100 102 102 99 101 99 100 96 98 107 104 99 97 94 85 80 82 81 78 85 95 99 94 96 89 82 80 78 79 75 69 65 63 61 57 70 72 69 64 50 58 58 62 61 40 40 40 40 40 40 40 40 40 40 40 40 40 40 62 75 80 73 62 64 67 71 74 79 75 74
158 152 140 115 116 105 97 117 133 141 140 140 140 140 140 140 138 135 130 127 127 120 117 124 108 119 98 99 100 102 96 96 96 92 99 99 114 101 100 99 87 80 78 76 76 80 95 100 92 85 92 85 84 83 81 77 67 63 62 60 60 60 52 53 59 46 42 40 51 40 40 40 40 40 40 40 40 40 40 40 40 40 40 40 42 61 79 79 71 65 64 65 64 74 63 69
142 154 144 116 100 98 97 115 119 123 137 138 140 140 139 140 139 137 140 136 140 135 131 121 119 116 100 98 100 101 97 92 94 91 93 101 109 99 100 100 94 87 88 78 74 100 94 94 81 81 97 97 93 94 98 96 83 81 60 59 68 70 45 40 40 40 40 40 40 40 40 40 40 40 40 40 40 40 40 40 40 40 40 40 40 40 68 80 74 60 62 59 59 60 58 65
139 122 132 136 121 94 101 108 120 120 134 139 141 140 140 138 140 139 140 140 140 140 137 122 119 121 138 115 97 95 93 96 99 101 90 96 101 113 119 102 100 101 101 80 71 77 80 81 80 80 80 93 90 91 97 98 92 87 78 75 79 75 64 61 55 40 40 40 40 40 40 40 40 40 40 40 40 40 40 40 40 40 40 40 40 40 72 80 75 64 60 44 55 56 79 80
161 149 116 126 122 95 98 115 120 128 140 144 144 140 140 138 136 137 139 139 138 139 138 122 131 140 119 113 99 100 106 100 99 99 91 90 106 120 119 113 99 99 97 84 69 68 72 76 80 98 77 80 81 79 86 94 97 100 90 81 80 75 59 60 60 58 40 40 40 40 40 40 40 40 40 40 40 40 40 40 40 40 40 40 40 49 63 58 65 44 40 53 68 77 79 80
145 135 107 120 109 101 88 114 130 140 141 162 148 139 139 139 135 131 134 135 136 139 138 134 138 141 140 120 103 121 120 113 100 96 93 84 116 118 119 111 97 84 82 78 67 64 59 60 78 85 76 77 80 79 80 100 99 118 101 83 77 74 63 59 60 59 41 40 40 40 40 40 40 40 40 40 40 40 40 40 40 40 40 40 56 72 59 53 40 40 67 76 79 80 80 80
138 136 112 117 120 103 88 107 126 137 167 160 141 140 137 136 133 129 129 131 133 136 137 136 134 129 120 119 114 120 120 103 100 99 96 82 94 99 99 95 81 80 77 71 74 72 59 61 81 82 79 71 77 77 79 93 104 122 98 84 79 80 69 60 62 60 40 40 40 40 40 40 40 40 40 40 40 40 40 40 40 40 43 40 60 75 40 40 40 61 74 80 80 80 80 80
121 120 102 118 130 119 84 92 112 176 159 152 138 135 135 133 130 127 124 127 129 132 134 134 129 120 127 139 114 119 139 122 109 114 100 79 79 79 83 83 78 72 74 84 82 74 58 58 76 75 71 63 71 76 80 81 97 114 97 82 78 75 68 63 61 52 63 43 43 44 40 40 40 40 40 40 40 40 40 40 40 59 77 64 43 58 40 46 40 40 63 76 78 80 80 79
116 91 85 94 94 89 80 79 103 145 141 137 135 132 134 131 127 124 122 122 124 128 132 136 137 139 141 136 116 126 134 123 117 118 100 104 87 82 79 80 76 80 86 99 92 82 70 60 57 59 60 60 67 80 79 79 96 98 102 101 82 73 65 60 58 62 56 48 58 60 43 40 40 40 40 40 40 40 40 40 40 50 79 42 40 40 40 65 59 40 45 66 69 72 76 80
104 81 79 79 77 80 100 89 96 127 140 132 124 139 134 129 124 120 120 119 121 125 131 136 139 140 139 139 129 129 120 119 138 115 99 119 96 89 97 92 79 86 95 100 97 106 89 75 57 57 54 57 69 80 79 80 94 100 110 115 87 79 70 67 67 64 61 59 60 60 40 40 50 40 40 40 40 40 40 40 40 40 58 40 40 40 62 59 63 60 63 59 61 66 70 75
124 96 75 76 102 107 120 121 133 120 120 119 119 128 130 127 122 120 119 119 120 123 128 134 139 140 138 141 123 118 119 113 121 115 117 105 102 99 100 100 88 95 101 103 99 110 98 93 84 83 57 56 68 69 81 69 84 121 117 129 99 99 79 79 79 73 63 60 60 56 40 62 50 40 40 40 40 40 40 40 40 40 40 40 40 40 59 69 73 74 74 63 66 72 81 79
102 104 81 75 85 95 108 114 109 121 134 130 130 128 130 127 122 120 117 119 120 121 124 128 136 135 139 133 120 117 119 112 104 120 120 118 119 112 99 97 94 102 119 121 100 112 119 121 119 83 59 51 62 59 61 62 82 109 124 142 121 106 85 78 80 75 69 72 64 62 44 67 40 40 40 40 40 40 40 40 40 40 40 40 40 40 45 68 76 80 79 73 64 80 80 81
132 155 137 102 77 100 115 100 120 136 153 160 156 137 137 129 119 119 116 118 119 120 120 120 119 121 130 138 121 116 111 100 99 107 120 120 120 99 107 100 95 113 127 124 119 120 117 100 113 109 68 51 58 60 61 65 79 96 101 139 144 122 105 73 70 65 59 57 60 60 61 79 46 40 40 40 40 40 40 40 40 40 40 40 40 40 40 52 67 79 78 63 67 82 97 97
158 159 134 96 76 99 91 110 135 147 160 155 144 158 144 129 120 116 115 117 119 119 123 124 123 122 118 135 120 120 120 101 100 99 105 113 115 117 119 100 98 100 121 131 120 120 122 101 99 100 79 55 49 55 54 65 78 79 91 121 144 119 86 72 73 58 57 53 60 61 42 60 40 40 40 40 40 40 40 40 40 40 40 40 40 40 40 52 54 76 80 79 68 79 97 100
137 149 141 106 75 80 117 133 138 136 160 159 137 146 140 124 120 114 112 121 124 128 133 137 135 140 125 120 119 111 100 97 96 98 100 101 109 103 114 119 115 99 120 140 120 117 112 100 88 80 67 64 40 41 40 60 82 76 99 122 115 90 77 63 72 79 61 50 64 65 40 51 40 40 40 40 40 40 40 40 40 40 40 40 56 40 52 77 99 72 80 82 80 78 94 98
119 140 127 93 73 84 100 122 108 131 139 150 140 136 139 138 139 119 118 123 131 137 138 149 149 135 120 114 111 104 100 99 100 93 99 98 101 105 120 120 107 100 116 126 134 117 117 120 110 78 85 93 46 40 40 40 59 74 84 106 122 116 96 47 65 63 59 44 54 71 40 40 40 40 40 40 40 40 40 40 40 40 40 40 78 81 75 75 99 92 75 79 80 77 80 86
102 124 108 81 75 80 94 113 121 120 119 140 139 126 135 142 139 115 121 129 137 140 146 159 165 155 161 127 120 119 116 117 100 101 89 89 90 110 117 106 98 99 113 132 138 120 120 121 104 88 87 82 74 40 40 40 40 52 59 79 82 81 59 40 57 60 41 40 49 63 58 41 40 40 40 40 40 40 40 40 40 40 40 41 81 94 73 78 94 100 85 90 93 84 81 80
95 111 102 77 72 84 97 98 105 119 132 139 139 124 118 119 127 118 119 132 158 153 155 179 156 155 164 140 123 113 112 120 109 99 86 80 81 98 100 100 86 91 100 105 107 122 105 112 89 78 76 72 65 62 45 40 40 40 51 59 48 47 46 40 48 57 42 40 43 44 40 40 40 40 40 40 40 40 40 40 40 40 40 40 41 47 59 74 99 126 109 116 136 113 103 83
91 98 96 76 78 78 76 90 106 139 134 140 139 142 139 132 114 107 120 131 154 163 154 160 151 140 153 138 120 109 99 114 112 100 100 95 80 98 100 101 92 98 102 99 95 120 101 115 106 80 72 63 58 55 40 62 44 40 40 40 40 40 40 40 40 40 40 40 40 40 40 40 40 40 40 40 40 40 40 40 40 40 40 40 63 62 59 75 86 102 124 138 160 153 135 107
114 76 82 83 71 71 69 67 88 134 140 145 157 155 149 140 124 109 113 130 139 139 145 159 140 136 151 163 135 118 103 99 99 97 99 96 76 82 92 98 80 89 99 98 94 102 94 111 100 79 71 59 58 59 60 53 52 47 40 40 40 40 40 40 40 40 40 40 40 40 40 40 40 40 40 40 40 40 40 40 40 71 44 43 40 65 80 86 106 128 161 174 197 179 163 127
95 76 81 93 88 81 69 66 106 125 137 153 172 182 160 142 127 121 113 144 157 165 174 171 144 120 146 160 136 121 116 105 100 103 99 84 78 79 80 79 78 85 94 89 91 102 86 106 113 80 75 63 59 59 59 44 40 40 40 40 40 40 40 40 40 40 40 40 40 40 40 40 40 40 40 40 40 40 40 40 60 85 87 55 40 64 85 105 122 148 162 190 173 158 127 116
